F 1850.000000 1897.000000 3.717551
F 1850.000000 1897.000000 3.717551
F 1850.000000 1897.000000 3.717551
F 1850.000000 1897.000000 3.717551
F 1850.000000 1897.000000 3.717551
F 1850.000000 1897.000000 3.717551
F 1850.000000 1897.000000 3.717551
F 1850.000000 1897.000000 3.717551
F 1850.000000 1897.000000 3.717551
F 1850.000000 1897.000000 3.717551
F 1850.000000 1897.000000 3.717551
F 1850.000000 1897.000000 3.717551
F 1850.000000 1897.000000 3.717551
F 1829.218582 1883.504389 3.717551
F 1792.046186 1859.364353 3.717551
F 1754.376553 1835.028981 3.715510
F 1716.568800 1810.585900 3.715510
F 1716.568800 1810.585900 3.715510
F 1679.054130 1786.332299 3.715510
F 1641.451086 1761.894159 3.717551
F 1603.781453 1737.558786 3.715510
F 1566.178409 1713.120646 3.717551
F 1566.178409 1713.120646 3.717551
F 1528.508776 1688.785274 3.715510
F 1490.905732 1664.347133 3.717551
F 1490.905732 1664.347133 3.717551
F 1453.236099 1640.011761 3.715510
F 1415.633055 1615.573621 3.717551
F 1377.963421 1591.238249 3.715510
F 1340.360378 1566.800108 3.717551
F 1302.690744 1542.464736 3.715510
F 1302.690744 1542.464736 3.715510
F 1265.087700 1518.026596 3.717551
F 1227.418067 1493.691224 3.715510
F 1189.610314 1469.248142 3.715510
F 1189.610314 1469.248142 3.715510
F 1152.095644 1444.994541 3.715510
F 1114.492600 1420.556401 3.717551
F 1076.822967 1396.221029 3.715510
F 1039.015214 1371.777947 3.715510
F 1039.015214 1371.777947 3.715510
F 1001.500544 1347.524347 3.715510
F 963.897500 1323.086206 3.717551
F 926.227867 1298.750834 3.715510
F 926.227867 1298.750834 3.715510
F 888.624823 1274.312694 3.717551
F 850.955190 1249.977322 3.715510
F 813.147437 1225.534240 3.715510
F 775.046600 1200.901677 3.715510
F 775.046600 1200.901677 3.715510
F 737.443556 1176.463536 3.717551
F 699.773923 1152.128164 3.715510
F 662.170879 1127.690024 3.717551
F 662.170879 1127.690024 3.717551
F 624.501246 1103.354652 3.715510
F 586.898202 1078.916511 3.717551
F 549.228569 1054.581139 3.715510
F 549.228569 1054.581139 3.715510
F 511.625525 1030.142999 3.717551
F 473.955892 1005.807627 3.715510
F 436.705145 980.832841 3.729797
F 402.371218 952.427460 3.817557
F 402.371218 952.427460 3.817557
F 370.192528 920.855470 3.903276
F 341.035345 886.698421 3.991037
F 315.008289 850.317557 4.076756
F 292.191520 811.841981 4.162475
F 292.191520 811.841981 4.162475
F 272.932088 771.657923 4.250236
F 256.985389 729.302846 4.337996
F 245.152053 686.703095 4.425756
F 236.721193 642.598060 4.509434
F 236.721193 642.598060 4.509434
F 235.964958 596.853269 4.670668
F 243.157603 552.690498 4.844148
F 257.103015 510.939864 5.005382
F 257.103015 510.939864 5.005382
F 275.424293 474.059929 5.142124
F 299.279279 439.211419 5.282949
F 327.053121 408.352340 5.415610
F 327.053121 408.352340 5.415610
F 358.613892 381.638721 5.550312
F 392.569529 359.336233 5.672768
F 430.978882 341.355209 5.815633
F 470.772519 328.905734 5.950335
F 470.772519 328.905734 5.950335
F 511.541064 322.004616 6.085037
F 553.229408 320.801990 6.223820
F 594.695446 325.171267 0.075337
F 594.695446 325.171267 0.075337
F 638.925407 330.113625 0.105951
F 683.509021 334.962645 0.107992
F 728.105709 339.689909 0.105951
F 772.180166 344.377185 0.105951
F 772.180166 344.377185 0.105951
F 816.763780 349.226205 0.107992
F 861.522512 354.078656 0.107992
F 906.628212 358.968723 0.107992
F 951.224900 363.695987 0.105951
F 951.224900 363.695987 0.105951
F 995.808514 368.545007 0.107992
F 1039.873313 373.322227 0.107992
F 1084.632046 378.174678 0.107992
F 1084.632046 378.174678 0.107992
F 1129.043811 382.989513 0.107992
F 1173.802544 387.841964 0.107992
F 1218.214310 392.656799 0.107992
F 1262.973043 397.509250 0.107992
F 1262.973043 397.509250 0.107992
F 1307.100369 403.258557 0.126360
F 1351.182330 413.506998 0.214120
F 1392.587892 430.792230 0.369231
F 1392.587892 430.792230 0.369231
F 1430.513324 455.181757 0.542711
F 1462.036986 482.775798 0.687617
F 1489.642671 514.010919 0.818237
F 1489.642671 514.010919 0.818237
F 1512.530257 548.232614 0.950898
F 1530.865542 584.684342 1.075395
F 1544.418257 624.115888 1.210097
F 1550.086632 660.943837 1.369290
F 1550.086632 660.943837 1.369290
F 1549.409355 697.881821 1.536647
F 1542.784460 734.212604 1.699922
F 1530.342091 768.983317 1.863196
F 1530.342091 768.983317 1.863196
F 1511.335596 802.106759 2.040758
F 1487.307810 830.876872 2.214237
F 1459.230999 854.888662 2.381594
F 1427.066546 877.911955 2.491805
F 1427.066546 877.911955 2.491805
F 1391.146367 905.341446 2.489764
F 1355.707325 932.250643 2.491805
F 1320.138941 959.277993 2.491805
F 1320.138941 959.277993 2.491805
F 1283.941100 986.918919 2.489764
F 1248.224395 1014.039550 2.491805
F 1212.581879 1041.257607 2.489764
F 1212.581879 1041.257607 2.489764
F 1177.346176 1068.145775 2.489764
F 1141.629472 1095.266406 2.491805
F 1105.986955 1122.484463 2.489764
F 1070.270251 1149.605095 2.491805
F 1034.627734 1176.823152 2.489764
F 1034.627734 1176.823152 2.489764
F 998.837138 1204.134755 2.489764
F 963.323989 1231.234641 2.489764
F 927.533393 1258.546244 2.489764
F 927.533393 1258.546244 2.489764
F 891.483935 1285.516149 2.497927
F 851.325497 1305.528637 2.653039
F 810.504836 1312.672116 2.910196
F 776.877255 1310.500767 3.122454
F 776.877255 1310.500767 3.122454
F 743.799988 1301.044788 3.338793
F 714.509516 1285.513368 3.544927
F 688.719062 1263.825089 3.757185
F 688.719062 1263.825089 3.757185
F 667.829526 1236.465071 3.977606
F 653.553207 1206.341959 4.185781
F 645.793331 1174.109350 4.391916
F 644.574168 1141.704196 4.589886
F 644.574168 1141.704196 4.589886
F 650.022341 1109.185257 4.793980
F 662.011984 1078.102942 4.998074
F 676.772005 1037.212592 5.049097
F 676.772005 1037.212592 5.049097
F 691.573785 995.249062 5.051138
F 706.418621 953.115721 5.051138
F 721.379433 910.653213 5.051138
F 736.108293 868.849039 5.051138
F 736.108293 868.849039 5.051138
F 751.069105 826.386531 5.051138
F 766.029916 783.924023 5.051138
F 780.874752 741.790682 5.051138
F 795.835563 699.328175 5.051138
F 795.835563 699.328175 5.051138
F 814.915514 658.106284 5.132775
F 837.343226 619.198148 5.220536
F 863.094831 582.405484 5.308296
F 863.094831 582.405484 5.308296
F 891.784287 548.085082 5.394015
F 923.537954 516.085656 5.479734
F 957.606542 487.362573 5.567495
F 957.606542 487.362573 5.567495
F 994.515240 462.057027 5.665460
F 1035.770384 443.858111 5.838939
F 1079.221097 433.175414 6.012419
F 1120.712313 428.951291 6.151202
F 1120.712313 428.951291 6.151202
F 1161.677254 429.728569 6.273658
F 1201.708062 435.578710 0.114970
F 1241.787695 447.074184 0.249672
F 1282.648733 460.310655 0.302736
F 1282.648733 460.310655 0.302736
F 1325.289243 473.628858 0.302736
F 1367.929752 486.947062 0.302736
F 1410.237133 500.161217 0.302736
F 1410.237133 500.161217 0.302736
F 1453.345242 513.737932 0.304777
F 1495.625565 527.038406 0.304777
F 1538.571720 540.548336 0.304777
F 1581.517875 554.058266 0.304777
F 1581.517875 554.058266 0.304777
F 1624.131114 567.463468 0.304777
F 1666.007380 584.572928 0.376210
F 1705.755244 605.093214 0.461929
F 1705.755244 605.093214 0.461929
F 1743.393167 628.948424 0.549689
F 1779.373810 656.400985 0.637450
F 1812.201880 686.271581 0.723169
F 1812.201880 686.271581 0.723169
F 1840.337947 721.653670 0.874198
F 1861.722051 761.148126 1.045637
F 1876.154766 801.227682 1.194625
F 1886.627742 841.873638 1.296672
F 1886.627742 841.873638 1.296672
F 1898.815113 885.213670 1.296672
F 1910.813532 927.881764 1.296672
F 1919.738066 971.864624 1.359941
F 1924.747067 1016.137420 1.443619
F 1924.747067 1016.137420 1.443619
F 1925.761795 1061.212380 1.533420
F 1922.836022 1106.375303 1.621181
F 1916.118308 1150.600265 1.706900
F 1916.118308 1150.600265 1.706900
F 1905.503303 1194.237026 1.794660
F 1891.344678 1236.302071 1.880380
F 1873.115297 1278.106226 1.968140
F 1852.056986 1316.780319 2.053859
F 1852.056986 1316.780319 2.053859
F 1827.239492 1354.414753 2.139578
F 1798.918781 1389.942830 2.229380
F 1767.910840 1422.665393 2.315099
F 1767.910840 1422.665393 2.315099
F 1734.513102 1452.165823 2.402859
F 1698.390254 1478.848873 2.490619
F 1659.982863 1502.452494 2.576339
F 1620.300402 1522.333061 2.662058
F 1620.300402 1522.333061 2.662058
F 1579.352723 1540.257080 2.719204
F 1538.491621 1558.739017 2.717163
F 1497.465163 1577.278708 2.717163
F 1497.465163 1577.278708 2.717163
F 1456.756739 1595.674681 2.717163
F 1415.845324 1614.044976 2.719204
F 1374.984222 1632.526912 2.717163
F 1333.639729 1651.210322 2.717163
F 1333.639729 1651.210322 2.717163
F 1291.185085 1665.820223 2.796760
F 1248.449131 1676.439833 2.882479
F 1203.748493 1683.518160 2.970239
F 1203.748493 1683.518160 2.970239
F 1158.782891 1686.735811 3.055958
F 1114.100101 1687.785206 3.109023
F 1069.280963 1689.352525 3.106982
F 1024.806515 1690.785735 3.109023
F 1024.806515 1690.785735 3.109023
F 980.158207 1692.240439 3.109023
F 935.339069 1693.807757 3.106982
F 890.515819 1695.252689 3.109023
F 890.515819 1695.252689 3.109023
F 844.999075 1696.843449 3.106982
F 800.702620 1698.377197 3.106982
F 755.879369 1699.822128 3.109023
F 755.879369 1699.822128 3.109023
F 710.882246 1701.288196 3.109023
F 666.063108 1702.855515 3.106982
F 621.239858 1704.300446 3.109023
F 578.164735 1705.809160 3.106982
F 571.709822 1705.964802 3.109023
F 571.709822 1705.964802 3.109023
F 571.709822 1705.964802 3.109023
F 571.709822 1705.964802 3.109023
F 571.709822 1705.964802 3.109023
F 571.709822 1705.964802 3.109023
F 571.709822 1705.964802 3.109023
F 571.709822 1705.964802 3.109023
